0 0.58111 0.4286833328125 0.4733325 0.3160566671875 0.25889 0.43757333281250005 0.2902775 0.5855566671875 0.42666750000000003 0.6539366671875 0.60111 0.5902133328125 0.58111 0.4286833328125
0 0.25889 0.8732599999999999 0.2977775 0.75026 0.18889 0.7250666671875 0.0402775 0.74111 0.01 0.9028966671875001 0.1766675 0.9251266671874999 0.25889 0.8732599999999999
0 0.73 0.3368033328125 0.6277775 0.31901999999999997 0.5722225 0.3540733328125 0.5922225 0.44646666718750005 0.7033324999999999 0.45239333281249994 0.73 0.3368033328125
0 0.9433325 0.51167 0.81111 0.4651866671875 0.7433325 0.5087066671875 0.81111 0.5546466671875 0.9255549999999999 0.5872499999999999 0.9433325 0.51167
0 0.8800000000000001 0.7058033328125 0.705555 0.6837033328125 0.7033324999999999 0.8036099999999999 0.8088900000000001 0.9310533328125 0.9011100000000001 0.8125 0.8800000000000001 0.7058033328125
0 0.5194449999999999 0.11148 0.49777750000000004 0.22566000000000003 0.6777775 0.2375133328125 0.6266675 0.0982133328125 0.5194449999999999 0.11148
0 0.43888999999999995 0.12933333281249998 0.36 0.1278533328125 0.3152775 0.1633333328125 0.36889 0.20195 0.464445 0.1930566671875 0.43888999999999995 0.12933333281249998
0 0.5422225 0.0463466671875 0.49444499999999997 0.0670366671875 0.6077775 0.10414000000000001 0.6377775 0.06412999999999999 0.5422225 0.0463466671875
0 0.4333325 0.06412999999999999 0.39110999999999996 0.0759866671875 0.38333249999999996 0.10777666718750001 0.47555500000000006 0.11748 0.5077775 0.0745033328125 0.4333325 0.06412999999999999
0 0.36889 0.01819 0.295555 0.0048533328125 0.20555500000000002 0.1151866671875 0.204445 0.12488999999999999 0.28111 0.1486 0.36889 0.01819
0 0.7933325 0.1930566671875 0.8266674999999999 0.12933333281249998 0.7633325 0.1234066671875 0.7166675 0.1337033328125 0.6677774999999999 0.18713 0.7233324999999999 0.21825 0.7933325 0.1930566671875